3.3989,0.6,2.0934,2.8261
2.8696,0.55891,2.0113,2
2.6575,0.47414,1.9178,1.6271
2.5854,0.45429,1.6022,1.504
2.5081,0.43119,1.3662,1.4353
2.4737,0.42006,1.3014,1.3033
2.1634,0.39655,1.168,1.1672
2.0353,0.38571,1.0944,1.1667
2,0.38225,1.0559,1.15
1.6271,0.3769,1.0505,1.1491
1.4397,0.37586,0.99248,1.0945
1.3662,0.375,0.99107,1.0195
1.3571,0.36694,0.98758,1.0123
1.3323,0.36364,0.97354,1.0087
1.3033,0.36232,0.97101,0.98066
1.3014,0.35831,0.95714,0.95722
1.2722,0.35616,0.95181,0.95519
1.2541,0.34954,0.94726,0.94924
1.2364,0.34646,0.9357,0.93997
1.2083,0.34629,0.92941,0.93973
1.168,0.34286,0.89444,0.9359
1.1672,0.34237,0.89262,0.93466
1.15,0.34182,0.85095,0.92814
1.1349,0.34182,0.84273,0.92661
1.1244,0.34091,0.82209,0.90278
1.0945,0.33798,0.81737,0.89216
1.0829,0.33766,0.81395,0.86486
1.0737,0.33696,0.81147,0.86391
1.0638,0.33696,0.80838,0.85223
1.0588,0.33624,0.80714,0.84691
1.0505,0.33603,0.80451,0.84476
1.0353,0.3322,0.80288,0.84058
1.0245,0.33065,0.79357,0.82942
1.0098,0.32899,0.78808,0.81671
1.0092,0.32753,0.78639,0.80836
0.99107,0.32743,0.77311,0.79297
0.98758,0.32676,0.76423,0.79093
0.9827,0.32089,0.76409,0.79009
0.98113,0.32076,0.76344,0.78631
0.97354,0.31799,0.76062,0.77592
0.97101,0.31539,0.75624,0.77429
0.96615,0.31489,0.74742,0.77368
0.96516,0.31461,0.74609,0.77108
0.96231,0.31111,0.74394,0.77015
0.95722,0.30986,0.74279,0.75565
0.95519,0.30851,0.74152,0.75338
0.95181,0.30796,0.74,0.75255
0.94924,0.30769,0.7387,0.75248
0.94726,0.30488,0.73538,0.75076
0.94118,0.30172,0.73178,0.74748
0.93973,0.30159,0.73013,0.7464
0.9359,0.30034,0.73011,0.74252
0.93466,0.29942,0.72964,0.73571
0.93359,0.29767,0.72906,0.73077
0.92814,0.29464,0.72622,0.72826
0.91954,0.29435,0.72517,0.72785
0.9163,0.29348,0.72449,0.72658
0.91466,0.29282,0.7207,0.7248
0.91314,0.29261,0.71744,0.71795
0.90972,0.29148,0.71284,0.71687
0.89919,0.29057,0.71117,0.71631
0.8913,0.2905,0.71081,0.71549
0.88589,0.28947,0.71067,0.7129
0.875,0.28889,0.70905,0.71074
0.86911,0.28736,0.70818,0.70049
0.86486,0.28707,0.68942,0.7
0.86391,0.28571,0.68821,0.69655
0.85749,0.28571,0.68791,0.69539
0.85714,0.28425,0.6875,0.69438
0.85223,0.284,0.68405,0.69373
0.85095,0.28395,0.68121,0.68508
0.84691,0.27972,0.6785,0.68024
0.8466,0.27885,0.67778,0.67742
0.84273,0.27852,0.67019,0.67442
0.84105,0.27742,0.66956,0.67281
0.84058,0.27731,0.66936,0.67213
0.83206,0.275,0.666,0.67089
0.83117,0.27368,0.66415,0.67059
0.83036,0.27215,0.66295,0.66542
0.82988,0.27189,0.65546,0.66355
0.82942,0.27182,0.65354,0.66229
0.82927,0.27152,0.65329,0.66085
0.82544,0.27007,0.65254,0.65773
0.82432,0.26829,0.65063,0.65441
0.82432,0.26792,0.64767,0.65394
0.82231,0.26792,0.64634,0.6513
0.82209,0.26774,0.64423,0.64894
0.81915,0.26708,0.64189,0.64748
0.81737,0.26639,0.64167,0.64706
0.81671,0.26596,0.64151,0.64203
0.81429,0.26582,0.63636,0.64183
0.81395,0.26531,0.63306,0.64
0.81147,0.26493,0.62644,0.63492
0.80972,0.26471,0.62264,0.63043
0.80838,0.26461,0.62162,0.62881
0.80836,0.26383,0.62162,0.62766
0.80795,0.26364,0.61935,0.62757
0.80451,0.26364,0.61538,0.62371
0.80288,0.26316,0.61238,0.62
0.8,0.26316,0.6106,0.61984
0.79863,0.2619,0.60952,0.61977
0.79675,0.25954,0.609,0.6189
0.79357,0.25939,0.60321,0.60825
0.79195,0.25912,0.60286,0.5994
0.78846,0.25806,0.60201,0.59623
0.78681,0.25735,0.60194,0.596
0.78639,0.25641,0.59898,0.59441
0.78633,0.25625,0.59799,0.59441
0.78571,0.2561,0.59649,0.59231
0.78211,0.25605,0.59615,0.58546
0.77876,0.25581,0.59436,0.58503
0.77778,0.25519,0.59434,0.58333
0.7775,0.2549,0.59221,0.58298
0.7765,0.25475,0.592,0.57843
0.77592,0.25455,0.59184,0.5756
0.77429,0.25439,0.5914,0.575
0.77076,0.25431,0.59044,0.57367
0.77049,0.25418,0.59036,0.57246
0.77015,0.25402,0.58876,0.56954
0.76923,0.25373,0.58787,0.56954
0.76892,0.25329,0.5869,0.56742
0.76409,0.25301,0.58411,0.56701
0.76344,0.25301,0.58313,0.56637
0.76062,0.25287,0.58213,0.56338
0.75781,0.25207,0.58209,0.56233
0.75624,0.25112,0.58021,0.56073
0.75581,0.25092,0.57983,0.56
0.75076,0.25085,0.57968,0.55941
0.74952,0.25081,0.57959,0.55921
0.74797,0.25076,0.57692,0.55882
0.74748,0.25064,0.57653,0.55491
0.74643,0.25,0.57459,0.55454
0.74643,0.25,0.57317,0.5537
0.7464,0.24865,0.57143,0.55357
0.7464,0.24825,0.56374,0.5531
0.74279,0.248,0.56374,0.55228
0.74107,0.24771,0.56081,0.54934
0.7387,0.24731,0.55696,0.54839
0.73585,0.24709,0.5562,0.54607
0.73077,0.24706,0.55469,0.54568
0.73011,0.24688,0.55414,0.54546
0.72906,0.24648,0.5533,0.54393
0.72826,0.24601,0.55319,0.542
0.72632,0.24513,0.55238,0.54054
0.72517,0.2451,0.54945,0.53846
0.72464,0.2451,0.54891,0.5375
0.7246,0.24506,0.54412,0.5374
0.72449,0.24478,0.54412,0.53688
0.72222,0.24451,0.54327,0.53448
0.71795,0.24444,0.54264,0.5335
0.71744,0.24364,0.54154,0.53292
0.71687,0.24364,0.54082,0.53292
0.71429,0.24342,0.53922,0.53219
0.7129,0.24286,0.5375,0.52852
0.71277,0.24254,0.5374,0.52744
0.71117,0.24225,0.5374,0.52571
0.71111,0.24204,0.53584,0.52412
0.71081,0.24107,0.5342,0.52406
0.71067,0.24107,0.53371,0.52394
0.70976,0.24104,0.53309,0.52353
0.70956,0.24068,0.53192,0.52252
0.70916,0.2406,0.53061,0.52133
0.70905,0.24028,0.53061,0.52101
0.70818,0.24022,0.53041,0.52009
0.70536,0.24,0.52941,0.52
0.70245,0.23988,0.52778,0.5194
0.70186,0.23985,0.52744,0.51908
0.70049,0.23938,0.52679,0.5187
0.7,0.23913,0.52672,0.51799
0.69655,0.2381,0.52528,0.51685
0.69655,0.23776,0.52469,0.51546
0.69608,0.23729,0.52427,0.51515
0.69539,0.23697,0.52351,0.5131
0.69466,0.23658,0.52344,0.51145
0.69438,0.23642,0.52296,0.51071
0.69373,0.23618,0.52284,0.50993
0.68889,0.23614,0.52239,0.50884
0.68821,0.23592,0.52137,0.5082
0.6875,0.23529,0.52033,0.50802
0.6875,0.23529,0.51961,0.50679
0.68584,0.23478,0.51911,0.5038
0.68508,0.23469,0.51911,0.5
0.68476,0.23411,0.51596,0.5
0.68121,0.23387,0.51536,0.5
0.68024,0.23387,0.51475,0.5
0.67879,0.23358,0.51376,0.5
0.67742,0.23345,0.51145,0.5
0.67622,0.23342,0.51136,0.5
0.67568,0.23313,0.51011,0.5
0.67516,0.23288,0.50938,0.49633
0.67281,0.23248,0.50862,0.49527
0.67089,0.232,0.50838,0.49502
0.67059,0.23179,0.50617,0.4943
0.66968,0.23158,0.50593,0.49416
0.66956,0.23134,0.50512,0.49356
0.66936,0.23134,0.50453,0.49302
0.66864,0.23108,0.5043,0.49296
0.66575,0.231,0.50325,0.48951
0.66542,0.23077,0.5,0.48921
0.66415,0.23009,0.5,0.48828
0.66355,0.22992,0.5,0.48825
0.66346,0.22968,0.5,0.48745
0.66229,0.22936,0.5,0.48673
0.66154,0.22908,0.49677,0.48632
0.66133,0.22901,0.49596,0.48605
0.66071,0.22835,0.49547,0.48159
0.65773,0.22835,0.49508,0.48148
0.6569,0.22826,0.49477,0.4812
0.65634,0.22772,0.49442,0.48113
0.65546,0.22772,0.49345,0.48039
0.65415,0.22727,0.49285,0.48039
0.65394,0.22727,0.49212,0.48026
0.65354,0.22672,0.49201,0.47973
0.65329,0.22581,0.49148,0.47954
0.65263,0.22535,0.49026,0.47907
0.65203,0.22519,0.48936,0.47761
0.6513,0.22519,0.48926,0.47656
0.65039,0.22508,0.48718,0.47479
0.64912,0.22491,0.48696,0.47414
0.64894,0.22472,0.4863,0.47312
0.64767,0.22468,0.48605,0.47222
0.64706,0.22468,0.48207,0.47115
0.64634,0.22449,0.48201,0.47104
0.64516,0.22421,0.47945,0.47073
0.64362,0.22414,0.47842,0.47059
0.64203,0.22393,0.47761,0.46808
0.64183,0.22368,0.47727,0.46808
0.64167,0.22368,0.47641,0.46795
0.64151,0.22353,0.47541,0.46763
0.64035,0.22321,0.475,0.46688
0.64,0.22254,0.47479,0.46645
0.63772,0.22188,0.47414,0.46644
0.63762,0.22182,0.47353,0.46538
0.63551,0.22161,0.47331,0.46457
0.63542,0.22082,0.4717,0.46203
0.63492,0.22078,0.47152,0.46137
0.63306,0.22074,0.47123,0.46118
0.632,0.22015,0.47115,0.46038
0.63158,0.22015,0.4703,0.45946
0.63073,0.22,0.46884,0.4581
0.62973,0.21988,0.46808,0.45745
0.62924,0.21943,0.46721,0.45681
0.62881,0.21908,0.46667,0.455
0.62766,0.21875,0.46491,0.45393
0.62644,0.21875,0.4645,0.45219
0.62637,0.21846,0.46407,0.45098
0.6255,0.21846,0.46311,0.45093
0.625,0.21823,0.4629,0.44915
0.62319,0.21812,0.4629,0.44828
0.62273,0.21804,0.46154,0.44828
0.62236,0.21771,0.46154,0.44747
0.62162,0.21757,0.46087,0.44724
0.62,0.21753,0.46026,0.44718
0.61986,0.21739,0.46,0.44681
0.61984,0.21739,0.45982,0.44643
0.61977,0.21721,0.45946,0.4459
0.61938,0.21678,0.45918,0.44578
0.61905,0.21678,0.45551,0.44578
0.61905,0.21646,0.45532,0.44516
0.61864,0.21622,0.45513,0.4449
0.61719,0.21569,0.45504,0.44444
0.61538,0.21552,0.45329,0.44348
0.61538,0.21543,0.45329,0.44267
0.61238,0.21543,0.45283,0.44211
0.61006,0.21543,0.45272,0.44144
0.60976,0.21533,0.45263,0.44
0.60952,0.2145,0.45263,0.43956
0.60949,0.21429,0.45082,0.43952
0.60858,0.21324,0.45,0.43919
0.60825,0.21294,0.44909,0.43887
0.60678,0.21233,0.44892,0.43855
0.60606,0.21233,0.44828,0.43787
0.60286,0.212,0.44828,0.43678
0.60286,0.21173,0.44664,0.43534
0.60201,0.21136,0.44555,0.43478
0.60194,0.21132,0.44512,0.43478
0.60177,0.21111,0.44348,0.43478
0.60075,0.21111,0.4434,0.43415
0.6,0.21053,0.44286,0.43382
0.5994,0.21035,0.44245,0.4335
0.59898,0.21017,0.44179,0.43226
0.59864,0.21,0.43935,0.43158
0.59825,0.20984,0.43846,0.43089
0.59799,0.20968,0.43846,0.43061
0.59623,0.20952,0.43648,0.43041
0.59615,0.20949,0.43443,0.43038
0.59615,0.20942,0.43119,0.43038
0.596,0.20923,0.43005,0.43011
0.59593,0.208,0.42983,0.4296
0.59494,0.20779,0.42924,0.42958
0.59471,0.20741,0.42897,0.42857
0.59441,0.207,0.42789,0.42742
0.59434,0.20664,0.42478,0.42641
0.59375,0.20641,0.42458,0.42638
0.59326,0.20603,0.42388,0.42574
0.592,0.20598,0.4234,0.42522
0.59184,0.20598,0.42241,0.42373
0.59184,0.20588,0.42157,0.42308
0.59146,0.20561,0.42136,0.42241
0.5914,0.20506,0.42032,0.42222
0.5913,0.20472,0.42029,0.42222
0.59044,0.20446,0.42017,0.42043
0.59036,0.20408,0.41935,0.42006
0.59026,0.20395,0.41868,0.41985
0.59,0.20365,0.41853,0.41935
0.58876,0.20354,0.41722,0.41902
0.58787,0.20334,0.41702,0.4188
0.58716,0.2033,0.41606,0.41834
0.5871,0.20312,0.416,0.41818
0.58621,0.20297,0.41584,0.41724
0.58599,0.20253,0.41346,0.416
0.58546,0.20238,0.41265,0.41523
0.58546,0.20238,0.41256,0.41429
0.58427,0.20233,0.4125,0.41379
0.58333,0.20229,0.41245,0.41379
0.58313,0.20229,0.41245,0.41346
0.58298,0.20229,0.41237,0.41333
0.58213,0.20225,0.41176,0.41284
0.58209,0.20217,0.41102,0.41234
0.58108,0.20213,0.41096,0.41219
0.58064,0.20209,0.41085,0.41085
0.58042,0.20209,0.41066,0.41018
0.57983,0.20206,0.41009,0.40984
0.57971,0.20202,0.40964,0.40964
0.57971,0.20181,0.40922,0.40925
0.57959,0.2,0.40909,0.40863
0.57843,0.2,0.40854,0.40845
0.57708,0.2,0.40816,0.40769
0.57704,0.2,0.40695,0.40625
0.57692,0.2,0.4053,0.40566
0.57653,0.2,0.40471,0.40541
0.575,0.2,0.40187,0.40404
0.57466,0.2,0.40154,0.40377
0.57436,0.19835,0.40146,0.40138
0.57389,0.1982,0.40102,0.40132
0.57317,0.19817,0.4007,0.40074
0.57143,0.19795,0.4,0.4
0.56954,0.19792,0.4,0.4
0.56742,0.19776,0.4,0.39936
0.56696,0.19772,0.39954,0.39904
0.56637,0.19772,0.39916,0.39892
0.56429,0.19772,0.39855,0.39877
0.56374,0.19763,0.39825,0.39706
0.56359,0.19742,0.39666,0.39702
0.56233,0.19742,0.39642,0.39655
0.56151,0.19737,0.39565,0.39595
0.56,0.19731,0.39405,0.3934
0.55941,0.19725,0.39255,0.39337
0.55938,0.19718,0.39149,0.39252
0.55927,0.19712,0.3914,0.39245
0.55921,0.19704,0.39106,0.39234
0.55882,0.19672,0.39051,0.39185
0.55882,0.19668,0.39,0.3914
0.55844,0.19653,0.38971,0.39119
0.55696,0.19643,0.38907,0.39051
0.5562,0.19637,0.38837,0.39024
0.55556,0.19614,0.38766,0.38965
0.55491,0.19595,0.38688,0.38926
0.55469,0.19565,0.38671,0.38926
0.55454,0.19557,0.38667,0.38904
0.55454,0.1954,0.38645,0.38735
0.55414,0.19525,0.38592,0.3871
0.55357,0.19522,0.38525,0.3871
0.55305,0.19512,0.38518,0.38701
0.55269,0.19506,0.38411,0.38679
0.55238,0.19502,0.38356,0.3855
0.55224,0.19492,0.38333,0.38461
0.5514,0.19481,0.38333,0.38461
0.5514,0.19469,0.38253,0.38461
0.55091,0.19444,0.38235,0.38333
0.55068,0.19417,0.38211,0.38312
0.54934,0.19408,0.38158,0.38298
0.54891,0.19398,0.38079,0.38253
0.54874,0.19377,0.38028,0.38
0.54839,0.19372,0.37979,0.38
0.54808,0.19337,0.3794,0.3792
0.54795,0.19328,0.37838,0.37903
0.54667,0.19262,0.37778,0.37872
0.54607,0.19262,0.3774,0.37838
0.54568,0.19262,0.37727,0.37768
0.54546,0.19262,0.37722,0.37727
0.54526,0.19255,0.37719,0.37692
0.54426,0.19247,0.37705,0.37687
0.54412,0.19231,0.3769,0.37603
0.54397,0.19218,0.37632,0.37555
0.54393,0.19218,0.37615,0.37413
0.54369,0.19205,0.37586,0.37383
0.54327,0.19196,0.37555,0.37324
0.54321,0.19167,0.375,0.3732
0.54286,0.19164,0.37455,0.37318
0.54264,0.19149,0.37435,0.37288
0.54225,0.19134,0.37425,0.37269
0.5422,0.19118,0.37419,0.37247
0.54217,0.19091,0.37349,0.37186
0.542,0.19066,0.37288,0.37113
0.54154,0.19062,0.37209,0.37104
0.54121,0.19048,0.37109,0.37092
0.54082,0.19048,0.37086,0.36956
0.54074,0.19035,0.37053,0.36913
0.54054,0.19032,0.36969,0.36905
0.54054,0.19028,0.36882,0.36863
0.54011,0.19028,0.36875,0.36813
0.54,0.19008,0.36735,0.36776
0.53982,0.18983,0.36567,0.36765
0.53933,0.18983,0.36512,0.36576
0.5375,0.18983,0.36475,0.36523
0.5375,0.18965,0.36471,0.36493
0.5374,0.18965,0.36458,0.3649
0.5374,0.18947,0.36364,0.36424
0.53695,0.18947,0.36364,0.36416
0.53688,0.18919,0.36364,0.36364
0.53681,0.18885,0.36364,0.36364
0.53677,0.18868,0.36364,0.36224
0.53658,0.18812,0.36364,0.36207
0.53516,0.18803,0.36283,0.36196
0.53509,0.18771,0.36212,0.3617
0.53465,0.18771,0.36123,0.36148
0.53465,0.18768,0.35961,0.36145
0.53448,0.1875,0.35957,0.36111
0.53448,0.1875,0.35906,0.36083
0.5342,0.18728,0.3587,0.36046
0.53383,0.18728,0.35831,0.35981
0.53371,0.18717,0.35772,0.35981
0.5335,0.18644,0.35754,0.35971
0.53292,0.18636,0.3575,0.35938
0.53261,0.18631,0.35674,0.35906
0.53219,0.18631,0.35659,0.35831
0.53153,0.18586,0.35629,0.3579
0.53061,0.18581,0.35584,0.35776
0.53041,0.18581,0.35521,0.35776
0.52975,0.18577,0.35484,0.35731
0.52941,0.18577,0.35484,0.35616
0.52928,0.18563,0.35484,0.35423
0.52913,0.18563,0.3539,0.35294
0.52778,0.18557,0.35353,0.3524
0.52756,0.18548,0.35338,0.35238
0.52744,0.18518,0.35279,0.35165
0.52672,0.18505,0.35211,0.35071
0.52469,0.18495,0.35148,0.35052
0.52412,0.18495,0.35114,0.34921
0.52394,0.18493,0.34959,0.34921
0.52381,0.18487,0.34954,0.34906
0.52353,0.18444,0.34889,0.34853
0.52351,0.18444,0.34818,0.3484
0.52296,0.18421,0.34818,0.34821
0.5229,0.18421,0.34793,0.34746
0.52288,0.18378,0.34783,0.3474
0.52284,0.18349,0.34783,0.34629
0.52258,0.1831,0.34694,0.34615
0.52252,0.1831,0.34694,0.34568
0.52239,0.1828,0.34694,0.3452
0.52153,0.18277,0.34675,0.34375
0.52153,0.18257,0.34646,0.34356
0.52104,0.18235,0.34568,0.34286
0.52083,0.18235,0.34559,0.34278
0.52083,0.18216,0.34516,0.34247
0.52055,0.18207,0.34444,0.34228
0.52009,0.18182,0.34416,0.3421
0.51989,0.18182,0.34409,0.3421
0.51987,0.18147,0.34383,0.3418
0.51974,0.18121,0.34343,0.34055
0.51961,0.18119,0.34339,0.34042
0.51918,0.18119,0.34237,0.34028
0.51911,0.18119,0.34155,0.33929
0.51911,0.181,0.34101,0.33893
0.51911,0.18076,0.34091,0.33874
0.51908,0.18056,0.34078,0.33862
0.51807,0.18047,0.34066,0.33846
0.51799,0.18047,0.34063,0.33803
0.51779,0.1802,0.34043,0.33798
0.51751,0.18005,0.34024,0.3371
0.51685,0.18005,0.3391,0.3354
0.51656,0.18,0.33906,0.33526
0.51596,0.18,0.33884,0.33521
0.51546,0.17977,0.33861,0.3348
0.51536,0.17966,0.33861,0.33469
0.51515,0.17966,0.33846,0.3346
0.51475,0.17966,0.33846,0.33445
0.51393,0.17957,0.33819,0.3341
0.51364,0.17939,0.33795,0.33403
0.5132,0.17931,0.33784,0.33333
0.5131,0.17899,0.33746,0.33333
0.5126,0.17891,0.33746,0.33243
0.51145,0.17891,0.33735,0.33224
0.51011,0.17857,0.33718,0.33205
0.51007,0.17857,0.33687,0.332
0.51,0.17857,0.33663,0.33163
0.50993,0.17857,0.33624,0.33125
0.50962,0.17857,0.336,0.33119
0.50938,0.1783,0.33588,0.33083
0.50916,0.17818,0.33585,0.33025
0.50884,0.17791,0.33531,0.32979
0.50838,0.17765,0.33531,0.32954
0.5082,0.17765,0.33438,0.32941
0.50802,0.17742,0.3343,0.32886
0.50704,0.17742,0.33213,0.32841
0.50607,0.17742,0.33178,0.32819
0.50607,0.17722,0.33108,0.32787
0.50598,0.17711,0.33099,0.32753
0.50584,0.17708,0.33065,0.32734
