0.051864,-0.19,0,-0.19
0.12642,-0.18,0.032415,-0.18
0.14911,-0.17,0.042139,-0.17
0.23339,-0.16,0.029173,-0.16
0.35656,-0.15,0.038898,-0.15
0.58347,-0.14,0.071313,-0.14
0.78768,-0.13,0.10373,-0.13
1.0049,-0.12,0.12318,-0.12
1.5429,-0.11,0.19449,-0.11
1.9287,-0.1,0.27553,-0.1
2.5511,-0.09,0.24311,-0.09
3.3063,-0.08,0.34684,-0.08
3.7245,-0.07,0.48298,-0.07
4.295,-0.06,0.51216,-0.06
4.9951,-0.05,0.69692,-0.05
5.2318,-0.04,0.80713,-0.04
5.6888,-0.03,1.034,-0.03
5.7342,-0.02,1.1767,-0.02
5.8152,-0.01,1.4425,-0.01
7.1961,0,12.308,0
5.3712,0.01,2.1783,0.01
5.1637,0.02,2.5381,0.02
4.7261,0.03,2.6483,0.03
4.3468,0.04,2.7326,0.04
3.8217,0.05,3.0827,0.05
3.1702,0.06,3.0762,0.06
3.0502,0.07,3.1669,0.07
2.4052,0.08,3.0211,0.08
2.0681,0.09,3.2869,0.09
1.7536,0.1,3.0567,0.1
1.4489,0.11,2.9335,0.11
1.3744,0.12,3.1118,0.12
0.90113,0.13,2.6418,0.13
0.86224,0.14,2.6548,0.14
0.6872,0.15,2.4182,0.15
0.63857,0.16,2.3274,0.16
0.48947,0.17,2.1621,0.17
0.37601,0.18,2,0.18
0.38574,0.19,1.8768,0.19
0.29822,0.2,1.8541,0.2
0.18801,0.21,1.7958,0.21
0.21394,0.22,1.5689,0.22
0.15559,0.23,1.4911,0.23
0.12966,0.24,1.3485,0.24
0.13614,0.25,1.316,0.25
0.071313,0.26,1.128,0.26
0.055105,0.27,1.0891,0.27
0.048622,0.28,1.0762,0.28
0.048622,0.29,1.0113,0.29
0.02269,0.3,0.89141,0.3
0.035656,0.31,0.77147,0.31
0.012966,0.32,0.73258,0.32
0.029173,0.33,0.68071,0.33
0.038898,0.34,0.72609,0.34
0.0097245,0.35,0.54781,0.35
0.012966,0.36,0.6872,0.36
0.006483,0.37,0.68071,0.37
0.0097245,0.38,0.61264,0.38
0.0097245,0.39,0.52836,0.39
0.006483,0.4,0.50567,0.4
0,0.41,0.42464,0.41
0.0032415,0.42,0.37277,0.42
0.0032415,0.43,0.41167,0.43
0,0.44,0.3987,0.44
0.0032415,0.45,0.36629,0.45
0,0.46,0.32091,0.46
0.0032415,0.47,0.33712,0.47
0,0.48,0.32415,0.48
0,0.49,0.35008,0.49
0,0.5,0.27877,0.5
0,0.51,0.25284,0.51
0,0.52,0.27553,0.52
0,0.53,0.23339,0.53
0,0.54,0.22366,0.54
0,0.55,0.21394,0.55
0.0032415,0.56,0.16856,0.56
0,0.57,0.15883,0.57
0,0.58,0.14911,0.58
0,0.59,0.19773,0.59
